3,2
3,1
3,3
10,106
10,222
10,156
10,118
10,300
10,148
11,4
9,2
8,10
8,16
8,17
8,9
8,2
8,3
32,74
32,73
32,72
32,71
32,70
32,69
32,68
32,67
32,66
32,65
32,64
32,35
32,34
32,33
32,32
32,31
32,30
32,29
32,28
32,27
32,26
32,25
32,24
32,23
32,22
32,21
32,20
32,19
32,18
32,17
32,16
32,15
32,14
32,13
32,12
32,11
32,10
32,9
32,8
32,7
32,6
32,5
32,4
32,3
32,1
20,3
20,2
20,1
19,3
19,2
19,1
18,3
18,1
14,3
14,1
13,3
13,1
12,3
12,2
12,1
11,30
11,29
11,28
11,27
11,26
11,25
11,24
11,23
11,22
11,21
11,20
11,19
11,18
11,17
11,16
11,15
11,14
11,13
11,12
11,11
11,10
11,8
11,1
11,5
11,3
11,2
10,306
